0.0053000	1.4121e+17
0.011100	1.0521e+17
0.016600	2.1231e+17
0.022100	3.3451e+17
0.027700	4.2911e+17
0.033200	5.1641e+17
0.038800	5.6971e+17
0.044300	6.0881e+17
0.049800	6.5851e+17
0.055400	7.2831e+17
0.060900	7.3741e+17
0.066400	7.9581e+17
0.072000	8.3641e+17
0.077500	8.9351e+17
0.083000	9.4651e+17
0.088600	9.6421e+17
0.094400	1.0180e+18
0.099900	1.0670e+18
0.10550	1.1070e+18
0.11130	1.1420e+18
0.11680	1.1980e+18
0.12230	1.2250e+18
0.12790	1.2770e+18
0.13340	1.3040e+18
0.13890	1.3420e+18
0.14450	1.3710e+18
0.15000	1.3890e+18
0.15550	1.4480e+18
0.16110	1.4530e+18
0.16660	1.4950e+18
0.17220	1.5020e+18
0.17770	1.5110e+18
0.18320	1.5140e+18
0.18880	1.5620e+18
0.19430	1.5560e+18
0.19980	1.5330e+18
0.20540	1.5470e+18
0.21090	1.5510e+18
0.21640	1.5350e+18
0.22200	1.5330e+18
0.22750	1.5210e+18
0.23310	1.4890e+18
0.23860	1.4560e+18
0.24410	1.4390e+18
0.24970	1.4010e+18
0.25520	1.3640e+18
0.26070	1.3500e+18
0.26630	1.2720e+18
0.27180	1.2440e+18
0.27730	1.1700e+18
0.28290	1.1430e+18
0.28840	1.0870e+18
0.29420	1.0320e+18
0.29970	1.0110e+18
0.30530	9.4391e+17
0.31080	8.8461e+17
0.31640	8.2401e+17
0.32190	7.8731e+17
0.32740	7.3241e+17
0.33300	7.1261e+17
0.33850	6.4541e+17
0.34400	5.9051e+17
0.34960	5.6241e+17
0.35510	5.0811e+17
0.36060	4.7801e+17
0.36620	4.3691e+17
0.37170	4.0851e+17
0.37730	3.6961e+17
0.38280	3.3591e+17
0.38830	3.1371e+17
0.39390	2.9151e+17
0.39940	2.6091e+17
0.40490	2.4081e+17
0.41050	2.2761e+17
0.41600	2.0001e+17
0.42150	1.7891e+17
0.42710	1.6881e+17
0.43260	1.5971e+17
0.43820	1.4761e+17
0.44370	1.3561e+17
0.44920	1.2681e+17
0.45480	1.1821e+17
0.46030	1.0451e+17
0.46580	9.8120e+16
0.47160	8.9500e+16
0.47720	8.1940e+16
0.48270	7.8870e+16
0.48820	7.6040e+16
0.49380	7.3320e+16
0.49930	6.3170e+16
0.50490	5.5970e+16
0.51040	5.5140e+16
0.51590	4.9240e+16
0.52150	4.5110e+16
0.52700	4.5110e+16
0.53250	4.0390e+16
0.53810	3.4480e+16
0.54360	3.4720e+16
0.54910	3.3300e+16
0.55470	2.6810e+16
0.56020	2.8930e+16
0.56580	2.5980e+16
0.57130	2.4570e+16
0.57680	2.4680e+16
0.58240	2.0430e+16
0.58790	1.5480e+16
0.59340	1.5240e+16
0.59900	1.5950e+16
0.60450	1.5000e+16
0.61000	1.3110e+16
0.61560	1.1340e+16
0.62110	1.3350e+16
0.62670	1.2760e+16
0.63220	1.0870e+16
0.63770	9.4550e+15
0.64330	1.1460e+16
0.64880	9.2180e+15
0.65460	7.8020e+15
0.66010	9.6910e+15
0.66570	8.6280e+15
0.67120	5.0860e+15
0.67670	6.1490e+15
0.68230	6.0310e+15
0.68780	5.9130e+15
0.69340	4.8500e+15
0.69890	4.0240e+15
0.70440	4.2600e+15
0.71000	4.2600e+15
0.71550	4.9680e+15
0.72100	4.0240e+15
0.72660	3.7880e+15
0.73210	3.9060e+15
0.73760	2.8430e+15
0.74320	1.7810e+15
0.74870	1.6630e+15
0.75430	2.8430e+15
0.75980	2.1350e+15
0.76530	2.1350e+15
0.77090	1.4270e+15
0.77640	1.1910e+15
0.78190	1.6630e+15
0.78750	1.5450e+15
0.79300	1.4270e+15
0.79850	1.0730e+15
0.80410	1.7810e+15
0.80960	9.5450e+14
0.81520	9.5450e+14
0.82070	1.5450e+15
0.82620	1.4270e+15
0.83200	1.0730e+15
0.83760	1.1910e+15
0.84310	8.3640e+14
0.84860	1.0730e+15
0.85420	7.1830e+14
0.85970	9.5450e+14
0.86520	6.0030e+14
0.87080	3.6420e+14
0.87630	6.0030e+14
0.88180	8.3640e+14
0.88740	3.6420e+14
0.89290	6.0030e+14
0.89850	3.6420e+14
0.90400	7.1830e+14
0.90950	2.4610e+14
0.91510	7.1830e+14
0.92060	6.0030e+14
0.92610	3.6420e+14
0.93170	2.4610e+14
0.93720	3.6420e+14
0.94270	6.0030e+14
0.94830	1.0000e+13
0.95380	4.8220e+14
0.95940	3.6420e+14
0.96490	3.6420e+14
0.97040	2.4610e+14
0.97600	1.2810e+14
0.98150	4.8220e+14
0.98700	1.2810e+14
0.99260	1.0000e+13
0.99810	1.0000e+13
1.0036	1.2810e+14
1.0092	3.6420e+14
1.0150	1.2810e+14
1.0205	1.0000e+13
1.0261	1.0000e+13
1.0316	2.4610e+14
1.0371	1.0000e+13
1.0427	3.6420e+14
1.0482	1.0000e+13
1.0537	1.2810e+14
1.0593	1.2810e+14
1.0648	1.2810e+14
1.0703	2.4610e+14
1.0759	1.2810e+14
1.0814	2.4610e+14
1.0870	1.0000e+13
1.0925	2.4610e+14
1.0980	3.6420e+14
1.1036	1.0000e+13
1.1091	1.2810e+14
1.1146	1.0000e+13
20	1e13
